"Identical","LAB_SEED","Orientation1","Orientation2","PPList","Picture1","Picture2","acc","accuracy","average_response_time","avg_rt","background","bidi","canvas_backend","clock_backend","color_backend","compensation","coordinates","correct","correct_Pictures_response","correct_Start_SC","correct_Target_response_Prac","correct_Welcome_PP_SC","correct_count","correct_response","count_Check_This","count_Disable_Mouse","count_EXP","count_LAB_SEED","count_Language_Selection","count_List_Select","count_List_Selection","count_Pictures_Break","count_Pictures_End","count_Pictures_Exp","count_Pictures_Fixation","count_Pictures_Fixation_Prac","count_Pictures_Prac","count_Pictures_Start","count_Pictures_Target","count_Pictures_Trial","count_Pictures_Welcome","count_Pictures_loop","count_Pictures_response","count_Pictures_response_correct","count_Pictures_response_noans","count_Pictures_response_wrong","count_Prac","count_Prac_Count","count_Prac_Reset","count_Prac_Trial","count_Prac_loop","count_Prac_seq","count_Prac_setup","count_Start_DE","count_Start_E","count_Start_HUN","count_Start_NOR","count_Start_PL","count_Start_SC","count_Start_TC","count_Start_THAI","count_Target_Prac","count_Target_response_Prac","count_Target_response_correct_Prac","count_Target_response_noans_Prac","count_Target_response_wrong_Prac","count_Trial_logger","count_Welcome_PP_DE","count_Welcome_PP_E","count_Welcome_PP_HUN","count_Welcome_PP_NOR","count_Welcome_PP_PL","count_Welcome_PP_SC","count_Welcome_PP_TC","count_Welcome_PP_THAI","datetime","de","description","disable_garbage_collection","empty_column","en","experiment_file","experiment_path","font_bold","font_family","font_italic","font_size","font_underline","foreground","form_clicks","form_response","fullscreen","height","hun","keyboard_backend","live_row","live_row_Pictures_loop","live_row_Prac","live_row_Prac_loop","logfile","mouse_backend","nor","opensesame_codename","opensesame_version","osf_always_upload_experiment","osf_id","pol","repeat_cycle","reset_loop","response","response_Pictures_Break","response_Pictures_End","response_Pictures_response","response_Start_DE","response_Start_E","response_Start_HUN","response_Start_NOR","response_Start_PL","response_Start_SC","response_Start_TC","response_Start_THAI","response_Target_response_Prac","response_Welcome_PP_DE","response_Welcome_PP_E","response_Welcome_PP_HUN","response_Welcome_PP_NOR","response_Welcome_PP_PL","response_Welcome_PP_SC","response_Welcome_PP_TC","response_Welcome_PP_THAI","response_time","response_time_Pictures_Break","response_time_Pictures_End","response_time_Pictures_response","response_time_Start_DE","response_time_Start_E","response_time_Start_HUN","response_time_Start_NOR","response_time_Start_PL","response_time_Start_SC","response_time_Start_TC","response_time_Start_THAI","response_time_Target_response_Prac","response_time_Welcome_PP_DE","response_time_Welcome_PP_E","response_time_Welcome_PP_HUN","response_time_Welcome_PP_NOR","response_time_Welcome_PP_PL","response_time_Welcome_PP_SC","response_time_Welcome_PP_TC","response_time_Welcome_PP_THAI","round_decimals","sampler_backend","sc","sound_buf_size","sound_channels","sound_freq","sound_sample_size","start","subject_nr","subject_parity","tc","thai","time_Check_This","time_Disable_Mouse","time_EXP","time_LAB_SEED","time_Language_Selection","time_List_Select","time_List_Selection","time_Pictures_Break","time_Pictures_End","time_Pictures_Exp","time_Pictures_Fixation","time_Pictures_Fixation_Prac","time_Pictures_Prac","time_Pictures_Start","time_Pictures_Target","time_Pictures_Trial","time_Pictures_Welcome","time_Pictures_loop","time_Pictures_response","time_Pictures_response_correct","time_Pictures_response_noans","time_Pictures_response_wrong","time_Prac","time_Prac_Count","time_Prac_Reset","time_Prac_Trial","time_Prac_loop","time_Prac_seq","time_Prac_setup","time_Start_DE","time_Start_E","time_Start_HUN","time_Start_NOR","time_Start_PL","time_Start_SC","time_Start_TC","time_Start_THAI","time_Target_Prac","time_Target_response_Prac","time_Target_response_correct_Prac","time_Target_response_noans_Prac","time_Target_response_wrong_Prac","time_Trial_logger","time_Welcome_PP_DE","time_Welcome_PP_E","time_Welcome_PP_HUN","time_Welcome_PP_NOR","time_Welcome_PP_PL","time_Welcome_PP_SC","time_Welcome_PP_TC","time_Welcome_PP_THAI","title","total_correct","total_response_time","total_responses","uniform_coordinates","width"
"N","5009","V","H","PP_LIST1.csv","scssorV.jpg","scssorH.jpg","77.7777777778","77.7777777778","1113.66666667","1113.66666667","#ffffff","yes","legacy","legacy","legacy","0","uniform","1","1","undefined","1","undefined","6","j","0","0","0","0","0","0","0","NA","0","0","0","7","0","0","0","0","0","0","0","0","0","0","0","7","2","7","2","2","0","0","0","0","0","0","0","0","0","7","7","7","7","7","0","0","0","0","0","0","0","0","0","11/20/19 15:39:35","no","Matching Tasks","yes","","no","OrientationCrossLanguages_2018PSA_PP_1.2.4.osexp","D:\TWN001","no","chinese-japanese-korean","no","18","no","#0000ff","no","简体中文","yes","768","no","legacy","0","0","3","5","TWN001_PP_34.csv","legacy","no","Kafkaesque Koffka","3.2.8","yes","5a7ce671e83246000deafe81","no","0","0","J","NA","NA","J","NA","NA","NA","NA","NA","space","NA","NA","J","NA","NA","NA","NA","NA","space","NA","NA","849","NA","NA","849","NA","NA","NA","NA","NA","2694","NA","NA","619","NA","NA","NA","NA","NA","8917","NA","NA","2","legacy","yes","1024","2","48000","-16","EXP","34","even","no","no","NA","9085","2975","2978","7596","9057","9057","NA","NA","40715","40869","36299","18026","37997","41373","40866","9086","40715","41373","42226","NA","NA","18026","37926","25431","36296","25431","25431","18026","NA","NA","NA","NA","NA","38000","NA","NA","36803","36803","37426","28409","24377","42726","NA","NA","NA","NA","NA","9089","NA","NA","Orientation_PSA2018","7","10023","9","yes","1024"
"N","5009","V","H","PP_LIST1.csv","screwV.jpg","screwH.jpg","80","80","1076.7","1076.7","#ffffff","yes","legacy","legacy","legacy","0","uniform","1","1","undefined","1","undefined","6","j","0","0","0","0","0","0","0","NA","1","0","1","7","0","0","1","1","0","0","1","1","1","1","0","7","2","7","2","2","0","0","0","0","0","0","0","0","0","7","7","7","7","7","1","0","0","0","0","0","0","0","0","11/20/19 15:39:35","no","Matching Tasks","yes","","no","OrientationCrossLanguages_2018PSA_PP_1.2.4.osexp","D:\TWN001","no","chinese-japanese-korean","no","18","no","#0000ff","no","简体中文","yes","768","no","legacy","1","1","3","5","TWN001_PP_34.csv","legacy","no","Kafkaesque Koffka","3.2.8","yes","5a7ce671e83246000deafe81","no","0","0","J","NA","NA","J","NA","NA","NA","NA","NA","space","NA","NA","J","NA","NA","NA","NA","NA","space","NA","NA","744","NA","NA","744","NA","NA","NA","NA","NA","2694","NA","NA","619","NA","NA","NA","NA","NA","8917","NA","NA","2","legacy","yes","1024","2","48000","-16","EXP","34","even","no","no","NA","9085","2975","2978","7596","9057","9057","NA","NA","40715","42950","36299","18026","37997","43454","42947","9086","40715","43454","44202","NA","NA","18026","37926","25431","36296","25431","25431","18026","NA","NA","NA","NA","NA","38000","NA","NA","36803","36803","37426","28409","24377","44702","NA","NA","NA","NA","NA","9089","NA","NA","Orientation_PSA2018","8","10767","10","yes","1024"
"Y","5009","V","V","PP_LIST1.csv","crayonV.jpg","crayonV.jpg","81.8181818182","81.8181818182","1029.09090909","1029.09090909","#ffffff","yes","legacy","legacy","legacy","0","uniform","1","1","undefined","1","undefined","6","j","0","0","0","0","0","0","0","NA","2","0","2","7","0","0","2","2","0","0","2","2","2","2","0","7","2","7","2","2","0","0","0","0","0","0","0","0","0","7","7","7","7","7","2","0","0","0","0","0","0","0","0","11/20/19 15:39:35","no","Matching Tasks","yes","","no","OrientationCrossLanguages_2018PSA_PP_1.2.4.osexp","D:\TWN001","no","chinese-japanese-korean","no","18","no","#0000ff","no","简体中文","yes","768","no","legacy","2","2","3","5","TWN001_PP_34.csv","legacy","no","Kafkaesque Koffka","3.2.8","yes","5a7ce671e83246000deafe81","no","0","0","J","NA","NA","J","NA","NA","NA","NA","NA","space","NA","NA","J","NA","NA","NA","NA","NA","space","NA","NA","553","NA","NA","553","NA","NA","NA","NA","NA","2694","NA","NA","619","NA","NA","NA","NA","NA","8917","NA","NA","2","legacy","yes","1024","2","48000","-16","EXP","34","even","no","no","NA","9085","2975","2978","7596","9057","9057","NA","NA","40715","44916","36299","18026","37997","45421","44913","9086","40715","45421","45977","NA","NA","18026","37926","25431","36296","25431","25431","18026","NA","NA","NA","NA","NA","38000","NA","NA","36803","36803","37426","28409","24377","46477","NA","NA","NA","NA","NA","9089","NA","NA","Orientation_PSA2018","9","11320","11","yes","1024"
"F","5009","F","F","PP_LIST1.csv","trmpet.jpg","tapedispenser.jpg","83.3333333333","83.3333333333","995.833333333","995.833333333","#ffffff","yes","legacy","legacy","legacy","0","uniform","1","1","undefined","1","undefined","6","f","0","0","0","0","0","0","0","NA","3","0","3","7","0","0","3","3","0","0","3","3","3","3","0","7","2","7","2","2","0","0","0","0","0","0","0","0","0","7","7","7","7","7","3","0","0","0","0","0","0","0","0","11/20/19 15:39:35","no","Matching Tasks","yes","","no","OrientationCrossLanguages_2018PSA_PP_1.2.4.osexp","D:\TWN001","no","chinese-japanese-korean","no","18","no","#0000ff","no","简体中文","yes","768","no","legacy","3","3","3","5","TWN001_PP_34.csv","legacy","no","Kafkaesque Koffka","3.2.8","yes","5a7ce671e83246000deafe81","no","0","0","F","NA","NA","F","NA","NA","NA","NA","NA","space","NA","NA","J","NA","NA","NA","NA","NA","space","NA","NA","630","NA","NA","630","NA","NA","NA","NA","NA","2694","NA","NA","619","NA","NA","NA","NA","NA","8917","NA","NA","2","legacy","yes","1024","2","48000","-16","EXP","34","even","no","no","NA","9085","2975","2978","7596","9057","9057","NA","NA","40715","46672","36299","18026","37997","47176","46669","9086","40715","47176","47809","NA","NA","18026","37926","25431","36296","25431","25431","18026","NA","NA","NA","NA","NA","38000","NA","NA","36803","36803","37426","28409","24377","48309","NA","NA","NA","NA","NA","9089","NA","NA","Orientation_PSA2018","10","11950","12","yes","1024"
"Y","5009","H","H","PP_LIST1.csv","bookH.jpg","bookH.jpg","84.6153846154","84.6153846154","958","958","#ffffff","yes","legacy","legacy","legacy","0","uniform","1","1","undefined","1","undefined","6","j","0","0","0","0","0","0","0","NA","4","0","4","7","0","0","4","4","0","0","4","4","4","4","0","7","2","7","2","2","0","0","0","0","0","0","0","0","0","7","7","7","7","7","4","0","0","0","0","0","0","0","0","11/20/19 15:39:35","no","Matching Tasks","yes","","no","OrientationCrossLanguages_2018PSA_PP_1.2.4.osexp","D:\TWN001","no","chinese-japanese-korean","no","18","no","#0000ff","no","简体中文","yes","768","no","legacy","4","4","3","5","TWN001_PP_34.csv","legacy","no","Kafkaesque Koffka","3.2.8","yes","5a7ce671e83246000deafe81","no","0","0","J","NA","NA","J","NA","NA","NA","NA","NA","space","NA","NA","J","NA","NA","NA","NA","NA","space","NA","NA","504","NA","NA","504","NA","NA","NA","NA","NA","2694","NA","NA","619","NA","NA","NA","NA","NA","8917","NA","NA","2","legacy","yes","1024","2","48000","-16","EXP","34","even","no","no","NA","9085","2975","2978","7596","9057","9057","NA","NA","40715","48502","36299","18026","37997","49006","48499","9086","40715","49006","49513","NA","NA","18026","37926","25431","36296","25431","25431","18026","NA","NA","NA","NA","NA","38000","NA","NA","36803","36803","37426","28409","24377","50014","NA","NA","NA","NA","NA","9089","NA","NA","Orientation_PSA2018","11","12454","13","yes","1024"
"F","5009","F","F","PP_LIST1.csv","stove.jpg","ftball.jpg","85.7142857143","85.7142857143","944","944","#ffffff","yes","legacy","legacy","legacy","0","uniform","1","1","undefined","1","undefined","6","f","0","0","0","0","0","0","0","NA","5","0","5","7","0","0","5","5","0","0","5","5","5","5","0","7","2","7","2","2","0","0","0","0","0","0","0","0","0","7","7","7","7","7","5","0","0","0","0","0","0","0","0","11/20/19 15:39:35","no","Matching Tasks","yes","","no","OrientationCrossLanguages_2018PSA_PP_1.2.4.osexp","D:\TWN001","no","chinese-japanese-korean","no","18","no","#0000ff","no","简体中文","yes","768","no","legacy","5","5","3","5","TWN001_PP_34.csv","legacy","no","Kafkaesque Koffka","3.2.8","yes","5a7ce671e83246000deafe81","no","0","0","F","NA","NA","F","NA","NA","NA","NA","NA","space","NA","NA","J","NA","NA","NA","NA","NA","space","NA","NA","762","NA","NA","762","NA","NA","NA","NA","NA","2694","NA","NA","619","NA","NA","NA","NA","NA","8917","NA","NA","2","legacy","yes","1024","2","48000","-16","EXP","34","even","no","no","NA","9085","2975","2978","7596","9057","9057","NA","NA","40715","50212","36299","18026","37997","50716","50209","9086","40715","50716","51481","NA","NA","18026","37926","25431","36296","25431","25431","18026","NA","NA","NA","NA","NA","38000","NA","NA","36803","36803","37426","28409","24377","51981","NA","NA","NA","NA","NA","9089","NA","NA","Orientation_PSA2018","12","13216","14","yes","1024"
"F","5009","F","F","PP_LIST1.csv","knife.jpg","ladder.jpg","86.6666666667","86.6666666667","918.466666667","918.466666667","#ffffff","yes","legacy","legacy","legacy","0","uniform","1","1","undefined","1","undefined","6","f","0","0","0","0","0","0","0","NA","6","0","6","7","0","0","6","6","0","0","6","6","6","6","0","7","2","7","2","2","0","0","0","0","0","0","0","0","0","7","7","7","7","7","6","0","0","0","0","0","0","0","0","11/20/19 15:39:35","no","Matching Tasks","yes","","no","OrientationCrossLanguages_2018PSA_PP_1.2.4.osexp","D:\TWN001","no","chinese-japanese-korean","no","18","no","#0000ff","no","简体中文","yes","768","no","legacy","6","6","3","5","TWN001_PP_34.csv","legacy","no","Kafkaesque Koffka","3.2.8","yes","5a7ce671e83246000deafe81","no","0","0","F","NA","NA","F","NA","NA","NA","NA","NA","space","NA","NA","J","NA","NA","NA","NA","NA","space","NA","NA","561","NA","NA","561","NA","NA","NA","NA","NA","2694","NA","NA","619","NA","NA","NA","NA","NA","8917","NA","NA","2","legacy","yes","1024","2","48000","-16","EXP","34","even","no","no","NA","9085","2975","2978","7596","9057","9057","NA","NA","40715","52172","36299","18026","37997","52677","52169","9086","40715","52677","53241","NA","NA","18026","37926","25431","36296","25431","25431","18026","NA","NA","NA","NA","NA","38000","NA","NA","36803","36803","37426","28409","24377","53741","NA","NA","NA","NA","NA","9089","NA","NA","Orientation_PSA2018","13","13777","15","yes","1024"
"F","5009","F","F","PP_LIST1.csv","ladder.jpg","house.jpg","87.5","87.5","894.5","894.5","#ffffff","yes","legacy","legacy","legacy","0","uniform","1","1","undefined","1","undefined","6","f","0","0","0","0","0","0","0","NA","7","0","7","7","0","0","7","7","0","0","7","7","7","7","0","7","2","7","2","2","0","0","0","0","0","0","0","0","0","7","7","7","7","7","7","0","0","0","0","0","0","0","0","11/20/19 15:39:35","no","Matching Tasks","yes","","no","OrientationCrossLanguages_2018PSA_PP_1.2.4.osexp","D:\TWN001","no","chinese-japanese-korean","no","18","no","#0000ff","no","简体中文","yes","768","no","legacy","7","7","3","5","TWN001_PP_34.csv","legacy","no","Kafkaesque Koffka","3.2.8","yes","5a7ce671e83246000deafe81","no","0","0","F","NA","NA","F","NA","NA","NA","NA","NA","space","NA","NA","J","NA","NA","NA","NA","NA","space","NA","NA","535","NA","NA","535","NA","NA","NA","NA","NA","2694","NA","NA","619","NA","NA","NA","NA","NA","8917","NA","NA","2","legacy","yes","1024","2","48000","-16","EXP","34","even","no","no","NA","9085","2975","2978","7596","9057","9057","NA","NA","40715","53943","36299","18026","37997","54447","53940","9086","40715","54447","54986","NA","NA","18026","37926","25431","36296","25431","25431","18026","NA","NA","NA","NA","NA","38000","NA","NA","36803","36803","37426","28409","24377","55486","NA","NA","NA","NA","NA","9089","NA","NA","Orientation_PSA2018","14","14312","16","yes","1024"
"N","5009","V","H","PP_LIST1.csv","plateV.jpg","plateH.jpg","88.2352941176","88.2352941176","878.235294118","878.235294118","#ffffff","yes","legacy","legacy","legacy","0","uniform","1","1","undefined","1","undefined","6","j","0","0","0","0","0","0","0","NA","8","0","8","7","0","0","8","8","0","0","8","8","8","8","0","7","2","7","2","2","0","0","0","0","0","0","0","0","0","7","7","7","7","7","8","0","0","0","0","0","0","0","0","11/20/19 15:39:35","no","Matching Tasks","yes","","no","OrientationCrossLanguages_2018PSA_PP_1.2.4.osexp","D:\TWN001","no","chinese-japanese-korean","no","18","no","#0000ff","no","简体中文","yes","768","no","legacy","8","8","3","5","TWN001_PP_34.csv","legacy","no","Kafkaesque Koffka","3.2.8","yes","5a7ce671e83246000deafe81","no","0","0","J","NA","NA","J","NA","NA","NA","NA","NA","space","NA","NA","J","NA","NA","NA","NA","NA","space","NA","NA","618","NA","NA","618","NA","NA","NA","NA","NA","2694","NA","NA","619","NA","NA","NA","NA","NA","8917","NA","NA","2","legacy","yes","1024","2","48000","-16","EXP","34","even","no","no","NA","9085","2975","2978","7596","9057","9057","NA","NA","40715","55676","36299","18026","37997","56180","55673","9086","40715","56180","56802","NA","NA","18026","37926","25431","36296","25431","25431","18026","NA","NA","NA","NA","NA","38000","NA","NA","36803","36803","37426","28409","24377","57302","NA","NA","NA","NA","NA","9089","NA","NA","Orientation_PSA2018","15","14930","17","yes","1024"
"Y","5009","V","V","PP_LIST1.csv","clothespinV.jpg","clothespinV.jpg","88.8888888889","88.8888888889","859.222222222","859.222222222","#ffffff","yes","legacy","legacy","legacy","0","uniform","1","1","undefined","1","undefined","6","j","0","0","0","0","0","0","0","NA","9","0","9","7","0","0","9","9","0","0","9","9","9","9","0","7","2","7","2","2","0","0","0","0","0","0","0","0","0","7","7","7","7","7","9","0","0","0","0","0","0","0","0","11/20/19 15:39:35","no","Matching Tasks","yes","","no","OrientationCrossLanguages_2018PSA_PP_1.2.4.osexp","D:\TWN001","no","chinese-japanese-korean","no","18","no","#0000ff","no","简体中文","yes","768","no","legacy","9","9","3","5","TWN001_PP_34.csv","legacy","no","Kafkaesque Koffka","3.2.8","yes","5a7ce671e83246000deafe81","no","0","0","J","NA","NA","J","NA","NA","NA","NA","NA","space","NA","NA","J","NA","NA","NA","NA","NA","space","NA","NA","536","NA","NA","536","NA","NA","NA","NA","NA","2694","NA","NA","619","NA","NA","NA","NA","NA","8917","NA","NA","2","legacy","yes","1024","2","48000","-16","EXP","34","even","no","no","NA","9085","2975","2978","7596","9057","9057","NA","NA","40715","57510","36299","18026","37997","58014","57507","9086","40715","58014","58554","NA","NA","18026","37926","25431","36296","25431","25431","18026","NA","NA","NA","NA","NA","38000","NA","NA","36803","36803","37426","28409","24377","59054","NA","NA","NA","NA","NA","9089","NA","NA","Orientation_PSA2018","16","15466","18","yes","1024"
"Y","5009","H","H","PP_LIST1.csv","bowlH.jpg","bowlH.jpg","89.4736842105","89.4736842105","838.473684211","838.473684211","#ffffff","yes","legacy","legacy","legacy","0","uniform","1","1","undefined","1","undefined","6","j","0","0","0","0","0","0","0","NA","10","0","10","7","0","0","10","10","0","0","10","10","10","10","0","7","2","7","2","2","0","0","0","0","0","0","0","0","0","7","7","7","7","7","10","0","0","0","0","0","0","0","0","11/20/19 15:39:35","no","Matching Tasks","yes","","no","OrientationCrossLanguages_2018PSA_PP_1.2.4.osexp","D:\TWN001","no","chinese-japanese-korean","no","18","no","#0000ff","no","简体中文","yes","768","no","legacy","10","10","3","5","TWN001_PP_34.csv","legacy","no","Kafkaesque Koffka","3.2.8","yes","5a7ce671e83246000deafe81","no","0","0","J","NA","NA","J","NA","NA","NA","NA","NA","space","NA","NA","J","NA","NA","NA","NA","NA","space","NA","NA","465","NA","NA","465","NA","NA","NA","NA","NA","2694","NA","NA","619","NA","NA","NA","NA","NA","8917","NA","NA","2","legacy","yes","1024","2","48000","-16","EXP","34","even","no","no","NA","9085","2975","2978","7596","9057","9057","NA","NA","40715","59245","36299","18026","37997","59749","59242","9086","40715","59749","60218","NA","NA","18026","37926","25431","36296","25431","25431","18026","NA","NA","NA","NA","NA","38000","NA","NA","36803","36803","37426","28409","24377","60718","NA","NA","NA","NA","NA","9089","NA","NA","Orientation_PSA2018","17","15931","19","yes","1024"
"N","5009","H","V","PP_LIST1.csv","guitarH.jpg","guitarV.jpg","90","90","823.1","823.1","#ffffff","yes","legacy","legacy","legacy","0","uniform","1","1","undefined","1","undefined","6","j","0","0","0","0","0","0","0","NA","11","0","11","7","0","0","11","11","0","0","11","11","11","11","0","7","2","7","2","2","0","0","0","0","0","0","0","0","0","7","7","7","7","7","11","0","0","0","0","0","0","0","0","11/20/19 15:39:35","no","Matching Tasks","yes","","no","OrientationCrossLanguages_2018PSA_PP_1.2.4.osexp","D:\TWN001","no","chinese-japanese-korean","no","18","no","#0000ff","no","简体中文","yes","768","no","legacy","11","11","3","5","TWN001_PP_34.csv","legacy","no","Kafkaesque Koffka","3.2.8","yes","5a7ce671e83246000deafe81","no","0","0","J","NA","NA","J","NA","NA","NA","NA","NA","space","NA","NA","J","NA","NA","NA","NA","NA","space","NA","NA","531","NA","NA","531","NA","NA","NA","NA","NA","2694","NA","NA","619","NA","NA","NA","NA","NA","8917","NA","NA","2","legacy","yes","1024","2","48000","-16","EXP","34","even","no","no","NA","9085","2975","2978","7596","9057","9057","NA","NA","40715","60920","36299","18026","37997","61427","60916","9086","40715","61427","61962","NA","NA","18026","37926","25431","36296","25431","25431","18026","NA","NA","NA","NA","NA","38000","NA","NA","36803","36803","37426","28409","24377","62462","NA","NA","NA","NA","NA","9089","NA","NA","Orientation_PSA2018","18","16462","20","yes","1024"
"F","5009","F","F","PP_LIST1.csv","tlphon.jpg","knife.jpg","90.4761904762","90.4761904762","813.142857143","813.142857143","#ffffff","yes","legacy","legacy","legacy","0","uniform","1","1","undefined","1","undefined","6","f","0","0","0","0","0","0","0","NA","12","0","12","7","0","0","12","12","0","0","12","12","12","12","0","7","2","7","2","2","0","0","0","0","0","0","0","0","0","7","7","7","7","7","12","0","0","0","0","0","0","0","0","11/20/19 15:39:35","no","Matching Tasks","yes","","no","OrientationCrossLanguages_2018PSA_PP_1.2.4.osexp","D:\TWN001","no","chinese-japanese-korean","no","18","no","#0000ff","no","简体中文","yes","768","no","legacy","12","12","3","5","TWN001_PP_34.csv","legacy","no","Kafkaesque Koffka","3.2.8","yes","5a7ce671e83246000deafe81","no","0","0","F","NA","NA","F","NA","NA","NA","NA","NA","space","NA","NA","J","NA","NA","NA","NA","NA","space","NA","NA","614","NA","NA","614","NA","NA","NA","NA","NA","2694","NA","NA","619","NA","NA","NA","NA","NA","8917","NA","NA","2","legacy","yes","1024","2","48000","-16","EXP","34","even","no","no","NA","9085","2975","2978","7596","9057","9057","NA","NA","40715","62656","36299","18026","37997","63160","62653","9086","40715","63160","63778","NA","NA","18026","37926","25431","36296","25431","25431","18026","NA","NA","NA","NA","NA","38000","NA","NA","36803","36803","37426","28409","24377","64278","NA","NA","NA","NA","NA","9089","NA","NA","Orientation_PSA2018","19","17076","21","yes","1024"
"F","5009","F","F","PP_LIST1.csv","wndmil.jpg","mitten.jpg","90.9090909091","90.9090909091","806.590909091","806.590909091","#ffffff","yes","legacy","legacy","legacy","0","uniform","1","1","undefined","1","undefined","6","f","0","0","0","0","0","0","0","NA","13","0","13","7","0","0","13","13","0","0","13","13","13","13","0","7","2","7","2","2","0","0","0","0","0","0","0","0","0","7","7","7","7","7","13","0","0","0","0","0","0","0","0","11/20/19 15:39:35","no","Matching Tasks","yes","","no","OrientationCrossLanguages_2018PSA_PP_1.2.4.osexp","D:\TWN001","no","chinese-japanese-korean","no","18","no","#0000ff","no","简体中文","yes","768","no","legacy","13","13","3","5","TWN001_PP_34.csv","legacy","no","Kafkaesque Koffka","3.2.8","yes","5a7ce671e83246000deafe81","no","0","0","F","NA","NA","F","NA","NA","NA","NA","NA","space","NA","NA","J","NA","NA","NA","NA","NA","space","NA","NA","669","NA","NA","669","NA","NA","NA","NA","NA","2694","NA","NA","619","NA","NA","NA","NA","NA","8917","NA","NA","2","legacy","yes","1024","2","48000","-16","EXP","34","even","no","no","NA","9085","2975","2978","7596","9057","9057","NA","NA","40715","64456","36299","18026","37997","64961","64453","9086","40715","64961","65633","NA","NA","18026","37926","25431","36296","25431","25431","18026","NA","NA","NA","NA","NA","38000","NA","NA","36803","36803","37426","28409","24377","66134","NA","NA","NA","NA","NA","9089","NA","NA","Orientation_PSA2018","20","17745","22","yes","1024"
"N","5009","H","V","PP_LIST1.csv","keyH.jpg","keyV.jpg","91.3043478261","91.3043478261","797.391304348","797.391304348","#ffffff","yes","legacy","legacy","legacy","0","uniform","1","1","undefined","1","undefined","6","j","0","0","0","0","0","0","0","NA","14","0","14","7","0","0","14","14","0","0","14","14","14","14","0","7","2","7","2","2","0","0","0","0","0","0","0","0","0","7","7","7","7","7","14","0","0","0","0","0","0","0","0","11/20/19 15:39:35","no","Matching Tasks","yes","","no","OrientationCrossLanguages_2018PSA_PP_1.2.4.osexp","D:\TWN001","no","chinese-japanese-korean","no","18","no","#0000ff","no","简体中文","yes","768","no","legacy","14","14","3","5","TWN001_PP_34.csv","legacy","no","Kafkaesque Koffka","3.2.8","yes","5a7ce671e83246000deafe81","no","0","0","J","NA","NA","J","NA","NA","NA","NA","NA","space","NA","NA","J","NA","NA","NA","NA","NA","space","NA","NA","595","NA","NA","595","NA","NA","NA","NA","NA","2694","NA","NA","619","NA","NA","NA","NA","NA","8917","NA","NA","2","legacy","yes","1024","2","48000","-16","EXP","34","even","no","no","NA","9085","2975","2978","7596","9057","9057","NA","NA","40715","66323","36299","18026","37997","66827","66320","9086","40715","66827","67426","NA","NA","18026","37926","25431","36296","25431","25431","18026","NA","NA","NA","NA","NA","38000","NA","NA","36803","36803","37426","28409","24377","67926","NA","NA","NA","NA","NA","9089","NA","NA","Orientation_PSA2018","21","18340","23","yes","1024"
"F","5009","F","F","PP_LIST1.csv","piano.jpg","sutcse.jpg","91.6666666667","91.6666666667","790.125","790.125","#ffffff","yes","legacy","legacy","legacy","0","uniform","1","1","undefined","1","undefined","6","f","0","0","0","0","0","0","0","NA","15","0","15","7","0","0","15","15","0","0","15","15","15","15","0","7","2","7","2","2","0","0","0","0","0","0","0","0","0","7","7","7","7","7","15","0","0","0","0","0","0","0","0","11/20/19 15:39:35","no","Matching Tasks","yes","","no","OrientationCrossLanguages_2018PSA_PP_1.2.4.osexp","D:\TWN001","no","chinese-japanese-korean","no","18","no","#0000ff","no","简体中文","yes","768","no","legacy","15","15","3","5","TWN001_PP_34.csv","legacy","no","Kafkaesque Koffka","3.2.8","yes","5a7ce671e83246000deafe81","no","0","0","F","NA","NA","F","NA","NA","NA","NA","NA","space","NA","NA","J","NA","NA","NA","NA","NA","space","NA","NA","623","NA","NA","623","NA","NA","NA","NA","NA","2694","NA","NA","619","NA","NA","NA","NA","NA","8917","NA","NA","2","legacy","yes","1024","2","48000","-16","EXP","34","even","no","no","NA","9085","2975","2978","7596","9057","9057","NA","NA","40715","68127","36299","18026","37997","68631","68124","9086","40715","68631","69257","NA","NA","18026","37926","25431","36296","25431","25431","18026","NA","NA","NA","NA","NA","38000","NA","NA","36803","36803","37426","28409","24377","69758","NA","NA","NA","NA","NA","9089","NA","NA","Orientation_PSA2018","22","18963","24","yes","1024"
"F","5009","F","F","PP_LIST1.csv","skirt.jpg","tlphon.jpg","92","92","782.44","782.44","#ffffff","yes","legacy","legacy","legacy","0","uniform","1","1","undefined","1","undefined","6","f","0","0","0","0","0","0","0","NA","16","0","16","7","0","0","16","16","0","0","16","16","16","16","0","7","2","7","2","2","0","0","0","0","0","0","0","0","0","7","7","7","7","7","16","0","0","0","0","0","0","0","0","11/20/19 15:39:35","no","Matching Tasks","yes","","no","OrientationCrossLanguages_2018PSA_PP_1.2.4.osexp","D:\TWN001","no","chinese-japanese-korean","no","18","no","#0000ff","no","简体中文","yes","768","no","legacy","16","16","3","5","TWN001_PP_34.csv","legacy","no","Kafkaesque Koffka","3.2.8","yes","5a7ce671e83246000deafe81","no","0","0","F","NA","NA","F","NA","NA","NA","NA","NA","space","NA","NA","J","NA","NA","NA","NA","NA","space","NA","NA","598","NA","NA","598","NA","NA","NA","NA","NA","2694","NA","NA","619","NA","NA","NA","NA","NA","8917","NA","NA","2","legacy","yes","1024","2","48000","-16","EXP","34","even","no","no","NA","9085","2975","2978","7596","9057","9057","NA","NA","40715","69952","36299","18026","37997","70456","69949","9086","40715","70456","71057","NA","NA","18026","37926","25431","36296","25431","25431","18026","NA","NA","NA","NA","NA","38000","NA","NA","36803","36803","37426","28409","24377","71557","NA","NA","NA","NA","NA","9089","NA","NA","Orientation_PSA2018","23","19561","25","yes","1024"
"F","5009","F","F","PP_LIST1.csv","umberella.jpg","flower.jpg","92.3076923077","92.3076923077","772.769230769","772.769230769","#ffffff","yes","legacy","legacy","legacy","0","uniform","1","1","undefined","1","undefined","6","f","0","0","0","0","0","0","0","NA","17","0","17","7","0","0","17","17","0","0","17","17","17","17","0","7","2","7","2","2","0","0","0","0","0","0","0","0","0","7","7","7","7","7","17","0","0","0","0","0","0","0","0","11/20/19 15:39:35","no","Matching Tasks","yes","","no","OrientationCrossLanguages_2018PSA_PP_1.2.4.osexp","D:\TWN001","no","chinese-japanese-korean","no","18","no","#0000ff","no","简体中文","yes","768","no","legacy","17","17","3","5","TWN001_PP_34.csv","legacy","no","Kafkaesque Koffka","3.2.8","yes","5a7ce671e83246000deafe81","no","0","0","F","NA","NA","F","NA","NA","NA","NA","NA","space","NA","NA","J","NA","NA","NA","NA","NA","space","NA","NA","531","NA","NA","531","NA","NA","NA","NA","NA","2694","NA","NA","619","NA","NA","NA","NA","NA","8917","NA","NA","2","legacy","yes","1024","2","48000","-16","EXP","34","even","no","no","NA","9085","2975","2978","7596","9057","9057","NA","NA","40715","71747","36299","18026","37997","72251","71744","9086","40715","72251","72786","NA","NA","18026","37926","25431","36296","25431","25431","18026","NA","NA","NA","NA","NA","38000","NA","NA","36803","36803","37426","28409","24377","73286","NA","NA","NA","NA","NA","9089","NA","NA","Orientation_PSA2018","24","20092","26","yes","1024"
"N","5009","V","H","PP_LIST1.csv","penV.jpg","penH.jpg","92.5925925926","92.5925925926","765.888888889","765.888888889","#ffffff","yes","legacy","legacy","legacy","0","uniform","1","1","undefined","1","undefined","6","j","0","0","0","0","0","0","0","NA","18","0","18","7","0","0","18","18","0","0","18","18","18","18","0","7","2","7","2","2","0","0","0","0","0","0","0","0","0","7","7","7","7","7","18","0","0","0","0","0","0","0","0","11/20/19 15:39:35","no","Matching Tasks","yes","","no","OrientationCrossLanguages_2018PSA_PP_1.2.4.osexp","D:\TWN001","no","chinese-japanese-korean","no","18","no","#0000ff","no","简体中文","yes","768","no","legacy","18","18","3","5","TWN001_PP_34.csv","legacy","no","Kafkaesque Koffka","3.2.8","yes","5a7ce671e83246000deafe81","no","0","0","J","NA","NA","J","NA","NA","NA","NA","NA","space","NA","NA","J","NA","NA","NA","NA","NA","space","NA","NA","587","NA","NA","587","NA","NA","NA","NA","NA","2694","NA","NA","619","NA","NA","NA","NA","NA","8917","NA","NA","2","legacy","yes","1024","2","48000","-16","EXP","34","even","no","no","NA","9085","2975","2978","7596","9057","9057","NA","NA","40715","73482","36299","18026","37997","73987","73479","9086","40715","73987","74578","NA","NA","18026","37926","25431","36296","25431","25431","18026","NA","NA","NA","NA","NA","38000","NA","NA","36803","36803","37426","28409","24377","75078","NA","NA","NA","NA","NA","9089","NA","NA","Orientation_PSA2018","25","20679","27","yes","1024"
"F","5009","F","F","PP_LIST1.csv","watch.jpg","skirt.jpg","92.8571428571","92.8571428571","755.392857143","755.392857143","#ffffff","yes","legacy","legacy","legacy","0","uniform","1","1","undefined","1","undefined","6","f","0","0","0","0","0","0","0","NA","19","0","19","7","0","0","19","19","0","0","19","19","19","19","0","7","2","7","2","2","0","0","0","0","0","0","0","0","0","7","7","7","7","7","19","0","0","0","0","0","0","0","0","11/20/19 15:39:35","no","Matching Tasks","yes","","no","OrientationCrossLanguages_2018PSA_PP_1.2.4.osexp","D:\TWN001","no","chinese-japanese-korean","no","18","no","#0000ff","no","简体中文","yes","768","no","legacy","19","19","3","5","TWN001_PP_34.csv","legacy","no","Kafkaesque Koffka","3.2.8","yes","5a7ce671e83246000deafe81","no","0","0","F","NA","NA","F","NA","NA","NA","NA","NA","space","NA","NA","J","NA","NA","NA","NA","NA","space","NA","NA","472","NA","NA","472","NA","NA","NA","NA","NA","2694","NA","NA","619","NA","NA","NA","NA","NA","8917","NA","NA","2","legacy","yes","1024","2","48000","-16","EXP","34","even","no","no","NA","9085","2975","2978","7596","9057","9057","NA","NA","40715","75277","36299","18026","37997","75782","75274","9086","40715","75782","76258","NA","NA","18026","37926","25431","36296","25431","25431","18026","NA","NA","NA","NA","NA","38000","NA","NA","36803","36803","37426","28409","24377","76758","NA","NA","NA","NA","NA","9089","NA","NA","Orientation_PSA2018","26","21151","28","yes","1024"
"F","5009","F","F","PP_LIST1.csv","pumpkin.jpg","trmpet.jpg","93.1034482759","93.1034482759","753.068965517","753.068965517","#ffffff","yes","legacy","legacy","legacy","0","uniform","1","1","undefined","1","undefined","6","f","0","0","0","0","0","0","0","NA","20","0","20","7","0","0","20","20","0","0","20","20","20","20","0","7","2","7","2","2","0","0","0","0","0","0","0","0","0","7","7","7","7","7","20","0","0","0","0","0","0","0","0","11/20/19 15:39:35","no","Matching Tasks","yes","","no","OrientationCrossLanguages_2018PSA_PP_1.2.4.osexp","D:\TWN001","no","chinese-japanese-korean","no","18","no","#0000ff","no","简体中文","yes","768","no","legacy","20","20","3","5","TWN001_PP_34.csv","legacy","no","Kafkaesque Koffka","3.2.8","yes","5a7ce671e83246000deafe81","no","0","0","F","NA","NA","F","NA","NA","NA","NA","NA","space","NA","NA","J","NA","NA","NA","NA","NA","space","NA","NA","688","NA","NA","688","NA","NA","NA","NA","NA","2694","NA","NA","619","NA","NA","NA","NA","NA","8917","NA","NA","2","legacy","yes","1024","2","48000","-16","EXP","34","even","no","no","NA","9085","2975","2978","7596","9057","9057","NA","NA","40715","76942","36299","18026","37997","77446","76939","9086","40715","77446","78138","NA","NA","18026","37926","25431","36296","25431","25431","18026","NA","NA","NA","NA","NA","38000","NA","NA","36803","36803","37426","28409","24377","78638","NA","NA","NA","NA","NA","9089","NA","NA","Orientation_PSA2018","27","21839","29","yes","1024"
"F","5009","F","F","PP_LIST1.csv","spider.jpg","couch.jpg","93.3333333333","93.3333333333","750.7","750.7","#ffffff","yes","legacy","legacy","legacy","0","uniform","1","1","undefined","1","undefined","6","f","0","0","0","0","0","0","0","NA","21","0","21","7","0","0","21","21","0","0","21","21","21","21","0","7","2","7","2","2","0","0","0","0","0","0","0","0","0","7","7","7","7","7","21","0","0","0","0","0","0","0","0","11/20/19 15:39:35","no","Matching Tasks","yes","","no","OrientationCrossLanguages_2018PSA_PP_1.2.4.osexp","D:\TWN001","no","chinese-japanese-korean","no","18","no","#0000ff","no","简体中文","yes","768","no","legacy","21","21","3","5","TWN001_PP_34.csv","legacy","no","Kafkaesque Koffka","3.2.8","yes","5a7ce671e83246000deafe81","no","0","0","F","NA","NA","F","NA","NA","NA","NA","NA","space","NA","NA","J","NA","NA","NA","NA","NA","space","NA","NA","682","NA","NA","682","NA","NA","NA","NA","NA","2694","NA","NA","619","NA","NA","NA","NA","NA","8917","NA","NA","2","legacy","yes","1024","2","48000","-16","EXP","34","even","no","no","NA","9085","2975","2978","7596","9057","9057","NA","NA","40715","78852","36299","18026","37997","79356","78849","9086","40715","79356","80042","NA","NA","18026","37926","25431","36296","25431","25431","18026","NA","NA","NA","NA","NA","38000","NA","NA","36803","36803","37426","28409","24377","80542","NA","NA","NA","NA","NA","9089","NA","NA","Orientation_PSA2018","28","22521","30","yes","1024"
"N","5009","V","H","PP_LIST1.csv","saltV.jpg","saltH.jpg","93.5483870968","93.5483870968","742.806451613","742.806451613","#ffffff","yes","legacy","legacy","legacy","0","uniform","1","1","undefined","1","undefined","6","j","0","0","0","0","0","0","0","NA","22","0","22","7","0","0","22","22","0","0","22","22","22","22","0","7","2","7","2","2","0","0","0","0","0","0","0","0","0","7","7","7","7","7","22","0","0","0","0","0","0","0","0","11/20/19 15:39:35","no","Matching Tasks","yes","","no","OrientationCrossLanguages_2018PSA_PP_1.2.4.osexp","D:\TWN001","no","chinese-japanese-korean","no","18","no","#0000ff","no","简体中文","yes","768","no","legacy","22","22","3","5","TWN001_PP_34.csv","legacy","no","Kafkaesque Koffka","3.2.8","yes","5a7ce671e83246000deafe81","no","0","0","J","NA","NA","J","NA","NA","NA","NA","NA","space","NA","NA","J","NA","NA","NA","NA","NA","space","NA","NA","506","NA","NA","506","NA","NA","NA","NA","NA","2694","NA","NA","619","NA","NA","NA","NA","NA","8917","NA","NA","2","legacy","yes","1024","2","48000","-16","EXP","34","even","no","no","NA","9085","2975","2978","7596","9057","9057","NA","NA","40715","80740","36299","18026","37997","81244","80737","9086","40715","81244","81754","NA","NA","18026","37926","25431","36296","25431","25431","18026","NA","NA","NA","NA","NA","38000","NA","NA","36803","36803","37426","28409","24377","82254","NA","NA","NA","NA","NA","9089","NA","NA","Orientation_PSA2018","29","23027","31","yes","1024"
"Y","5009","H","H","PP_LIST1.csv","batH.jpg","batH.jpg","93.75","93.75","734.5625","734.5625","#ffffff","yes","legacy","legacy","legacy","0","uniform","1","1","undefined","1","undefined","6","j","0","0","0","0","0","0","0","NA","23","0","23","7","0","0","23","23","0","0","23","23","23","23","0","7","2","7","2","2","0","0","0","0","0","0","0","0","0","7","7","7","7","7","23","0","0","0","0","0","0","0","0","11/20/19 15:39:35","no","Matching Tasks","yes","","no","OrientationCrossLanguages_2018PSA_PP_1.2.4.osexp","D:\TWN001","no","chinese-japanese-korean","no","18","no","#0000ff","no","简体中文","yes","768","no","legacy","23","23","3","5","TWN001_PP_34.csv","legacy","no","Kafkaesque Koffka","3.2.8","yes","5a7ce671e83246000deafe81","no","0","0","J","NA","NA","J","NA","NA","NA","NA","NA","space","NA","NA","J","NA","NA","NA","NA","NA","space","NA","NA","479","NA","NA","479","NA","NA","NA","NA","NA","2694","NA","NA","619","NA","NA","NA","NA","NA","8917","NA","NA","2","legacy","yes","1024","2","48000","-16","EXP","34","even","no","no","NA","9085","2975","2978","7596","9057","9057","NA","NA","40715","82447","36299","18026","37997","82951","82444","9086","40715","82951","83434","NA","NA","18026","37926","25431","36296","25431","25431","18026","NA","NA","NA","NA","NA","38000","NA","NA","36803","36803","37426","28409","24377","83934","NA","NA","NA","NA","NA","9089","NA","NA","Orientation_PSA2018","30","23506","32","yes","1024"
"Y","5009","H","H","PP_LIST1.csv","bottleH.jpg","bottleH.jpg","100","100","546","546","#ffffff","yes","legacy","legacy","legacy","0","uniform","1","1","undefined","1","undefined","6","j","0","0","0","0","0","0","0","0","24","0","24","7","0","0","24","24","0","0","24","24","24","24","0","7","2","7","2","2","0","0","0","0","0","0","0","0","0","7","7","7","7","7","24","0","0","0","0","0","0","0","0","11/20/19 15:39:35","no","Matching Tasks","yes","","no","OrientationCrossLanguages_2018PSA_PP_1.2.4.osexp","D:\TWN001","no","chinese-japanese-korean","no","18","no","#0000ff","no","简体中文","yes","768","no","legacy","24","24","3","5","TWN001_PP_34.csv","legacy","no","Kafkaesque Koffka","3.2.8","yes","5a7ce671e83246000deafe81","no","0","0","J","space","NA","J","NA","NA","NA","NA","NA","space","NA","NA","J","NA","NA","NA","NA","NA","space","NA","NA","546","989","NA","546","NA","NA","NA","NA","NA","2694","NA","NA","619","NA","NA","NA","NA","NA","8917","NA","NA","2","legacy","yes","1024","2","48000","-16","EXP","34","even","no","no","NA","9085","2975","2978","7596","9057","9057","84033","NA","40715","85180","36299","18026","37997","85684","85177","9086","40715","85684","86233","NA","NA","18026","37926","25431","36296","25431","25431","18026","NA","NA","NA","NA","NA","38000","NA","NA","36803","36803","37426","28409","24377","86733","NA","NA","NA","NA","NA","9089","NA","NA","Orientation_PSA2018","1","546","1","yes","1024"
"F","5009","F","F","PP_LIST1.csv","nut.jpg","watch.jpg","100","100","551.5","551.5","#ffffff","yes","legacy","legacy","legacy","0","uniform","1","1","undefined","1","undefined","6","f","0","0","0","0","0","0","0","0","25","0","25","7","0","0","25","25","0","0","25","25","25","25","0","7","2","7","2","2","0","0","0","0","0","0","0","0","0","7","7","7","7","7","25","0","0","0","0","0","0","0","0","11/20/19 15:39:35","no","Matching Tasks","yes","","no","OrientationCrossLanguages_2018PSA_PP_1.2.4.osexp","D:\TWN001","no","chinese-japanese-korean","no","18","no","#0000ff","no","简体中文","yes","768","no","legacy","25","25","3","5","TWN001_PP_34.csv","legacy","no","Kafkaesque Koffka","3.2.8","yes","5a7ce671e83246000deafe81","no","0","0","F","space","NA","F","NA","NA","NA","NA","NA","space","NA","NA","J","NA","NA","NA","NA","NA","space","NA","NA","557","989","NA","557","NA","NA","NA","NA","NA","2694","NA","NA","619","NA","NA","NA","NA","NA","8917","NA","NA","2","legacy","yes","1024","2","48000","-16","EXP","34","even","no","no","NA","9085","2975","2978","7596","9057","9057","84033","NA","40715","86928","36299","18026","37997","87433","86925","9086","40715","87433","87993","NA","NA","18026","37926","25431","36296","25431","25431","18026","NA","NA","NA","NA","NA","38000","NA","NA","36803","36803","37426","28409","24377","88493","NA","NA","NA","NA","NA","9089","NA","NA","Orientation_PSA2018","2","1103","2","yes","1024"
"N","5009","H","V","PP_LIST1.csv","pencilH.jpg","pencilV.jpg","100","100","545.333333333","545.333333333","#ffffff","yes","legacy","legacy","legacy","0","uniform","1","1","undefined","1","undefined","6","j","0","0","0","0","0","0","0","0","26","0","26","7","0","0","26","26","0","0","26","26","26","26","0","7","2","7","2","2","0","0","0","0","0","0","0","0","0","7","7","7","7","7","26","0","0","0","0","0","0","0","0","11/20/19 15:39:35","no","Matching Tasks","yes","","no","OrientationCrossLanguages_2018PSA_PP_1.2.4.osexp","D:\TWN001","no","chinese-japanese-korean","no","18","no","#0000ff","no","简体中文","yes","768","no","legacy","26","26","3","5","TWN001_PP_34.csv","legacy","no","Kafkaesque Koffka","3.2.8","yes","5a7ce671e83246000deafe81","no","0","0","J","space","NA","J","NA","NA","NA","NA","NA","space","NA","NA","J","NA","NA","NA","NA","NA","space","NA","NA","533","989","NA","533","NA","NA","NA","NA","NA","2694","NA","NA","619","NA","NA","NA","NA","NA","8917","NA","NA","2","legacy","yes","1024","2","48000","-16","EXP","34","even","no","no","NA","9085","2975","2978","7596","9057","9057","84033","NA","40715","88681","36299","18026","37997","89185","88678","9086","40715","89185","89722","NA","NA","18026","37926","25431","36296","25431","25431","18026","NA","NA","NA","NA","NA","38000","NA","NA","36803","36803","37426","28409","24377","90222","NA","NA","NA","NA","NA","9089","NA","NA","Orientation_PSA2018","3","1636","3","yes","1024"
"F","5009","F","F","PP_LIST1.csv","mitten.jpg","needle.jpg","100","100","575.5","575.5","#ffffff","yes","legacy","legacy","legacy","0","uniform","1","1","undefined","1","undefined","6","f","0","0","0","0","0","0","0","0","27","0","27","7","0","0","27","27","0","0","27","27","27","27","0","7","2","7","2","2","0","0","0","0","0","0","0","0","0","7","7","7","7","7","27","0","0","0","0","0","0","0","0","11/20/19 15:39:35","no","Matching Tasks","yes","","no","OrientationCrossLanguages_2018PSA_PP_1.2.4.osexp","D:\TWN001","no","chinese-japanese-korean","no","18","no","#0000ff","no","简体中文","yes","768","no","legacy","27","27","3","5","TWN001_PP_34.csv","legacy","no","Kafkaesque Koffka","3.2.8","yes","5a7ce671e83246000deafe81","no","0","0","F","space","NA","F","NA","NA","NA","NA","NA","space","NA","NA","J","NA","NA","NA","NA","NA","space","NA","NA","666","989","NA","666","NA","NA","NA","NA","NA","2694","NA","NA","619","NA","NA","NA","NA","NA","8917","NA","NA","2","legacy","yes","1024","2","48000","-16","EXP","34","even","no","no","NA","9085","2975","2978","7596","9057","9057","84033","NA","40715","90428","36299","18026","37997","90932","90425","9086","40715","90932","91602","NA","NA","18026","37926","25431","36296","25431","25431","18026","NA","NA","NA","NA","NA","38000","NA","NA","36803","36803","37426","28409","24377","92102","NA","NA","NA","NA","NA","9089","NA","NA","Orientation_PSA2018","4","2302","4","yes","1024"
"F","5009","F","F","PP_LIST1.csv","ftball.jpg","nut.jpg","100","100","619","619","#ffffff","yes","legacy","legacy","legacy","0","uniform","1","1","undefined","1","undefined","6","f","0","0","0","0","0","0","0","0","28","0","28","7","0","0","28","28","0","0","28","28","28","28","0","7","2","7","2","2","0","0","0","0","0","0","0","0","0","7","7","7","7","7","28","0","0","0","0","0","0","0","0","11/20/19 15:39:35","no","Matching Tasks","yes","","no","OrientationCrossLanguages_2018PSA_PP_1.2.4.osexp","D:\TWN001","no","chinese-japanese-korean","no","18","no","#0000ff","no","简体中文","yes","768","no","legacy","28","28","3","5","TWN001_PP_34.csv","legacy","no","Kafkaesque Koffka","3.2.8","yes","5a7ce671e83246000deafe81","no","0","0","F","space","NA","F","NA","NA","NA","NA","NA","space","NA","NA","J","NA","NA","NA","NA","NA","space","NA","NA","793","989","NA","793","NA","NA","NA","NA","NA","2694","NA","NA","619","NA","NA","NA","NA","NA","8917","NA","NA","2","legacy","yes","1024","2","48000","-16","EXP","34","even","no","no","NA","9085","2975","2978","7596","9057","9057","84033","NA","40715","92293","36299","18026","37997","92797","92290","9086","40715","92797","93594","NA","NA","18026","37926","25431","36296","25431","25431","18026","NA","NA","NA","NA","NA","38000","NA","NA","36803","36803","37426","28409","24377","94094","NA","NA","NA","NA","NA","9089","NA","NA","Orientation_PSA2018","5","3095","5","yes","1024"
"Y","5009","V","V","PP_LIST1.csv","fire_extinguisherV.jpg","fire_extinguisherV.jpg","100","100","611","611","#ffffff","yes","legacy","legacy","legacy","0","uniform","1","1","undefined","1","undefined","6","j","0","0","0","0","0","0","0","0","29","0","29","7","0","0","29","29","0","0","29","29","29","29","0","7","2","7","2","2","0","0","0","0","0","0","0","0","0","7","7","7","7","7","29","0","0","0","0","0","0","0","0","11/20/19 15:39:35","no","Matching Tasks","yes","","no","OrientationCrossLanguages_2018PSA_PP_1.2.4.osexp","D:\TWN001","no","chinese-japanese-korean","no","18","no","#0000ff","no","简体中文","yes","768","no","legacy","29","29","3","5","TWN001_PP_34.csv","legacy","no","Kafkaesque Koffka","3.2.8","yes","5a7ce671e83246000deafe81","no","0","0","J","space","NA","J","NA","NA","NA","NA","NA","space","NA","NA","J","NA","NA","NA","NA","NA","space","NA","NA","571","989","NA","571","NA","NA","NA","NA","NA","2694","NA","NA","619","NA","NA","NA","NA","NA","8917","NA","NA","2","legacy","yes","1024","2","48000","-16","EXP","34","even","no","no","NA","9085","2975","2978","7596","9057","9057","84033","NA","40715","94322","36299","18026","37997","94827","94319","9086","40715","94827","95402","NA","NA","18026","37926","25431","36296","25431","25431","18026","NA","NA","NA","NA","NA","38000","NA","NA","36803","36803","37426","28409","24377","95902","NA","NA","NA","NA","NA","9089","NA","NA","Orientation_PSA2018","6","3666","6","yes","1024"
"F","5009","F","F","PP_LIST1.csv","wrench.jpg","piano.jpg","100","100","609.428571429","609.428571429","#ffffff","yes","legacy","legacy","legacy","0","uniform","1","1","undefined","1","undefined","6","f","0","0","0","0","0","0","0","0","30","0","30","7","0","0","30","30","0","0","30","30","30","30","0","7","2","7","2","2","0","0","0","0","0","0","0","0","0","7","7","7","7","7","30","0","0","0","0","0","0","0","0","11/20/19 15:39:35","no","Matching Tasks","yes","","no","OrientationCrossLanguages_2018PSA_PP_1.2.4.osexp","D:\TWN001","no","chinese-japanese-korean","no","18","no","#0000ff","no","简体中文","yes","768","no","legacy","30","30","3","5","TWN001_PP_34.csv","legacy","no","Kafkaesque Koffka","3.2.8","yes","5a7ce671e83246000deafe81","no","0","0","F","space","NA","F","NA","NA","NA","NA","NA","space","NA","NA","J","NA","NA","NA","NA","NA","space","NA","NA","600","989","NA","600","NA","NA","NA","NA","NA","2694","NA","NA","619","NA","NA","NA","NA","NA","8917","NA","NA","2","legacy","yes","1024","2","48000","-16","EXP","34","even","no","no","NA","9085","2975","2978","7596","9057","9057","84033","NA","40715","96102","36299","18026","37997","96606","96099","9086","40715","96606","97210","NA","NA","18026","37926","25431","36296","25431","25431","18026","NA","NA","NA","NA","NA","38000","NA","NA","36803","36803","37426","28409","24377","97710","NA","NA","NA","NA","NA","9089","NA","NA","Orientation_PSA2018","7","4266","7","yes","1024"
"N","5009","H","V","PP_LIST1.csv","glassH.jpg","glassV.jpg","100","100","618.125","618.125","#ffffff","yes","legacy","legacy","legacy","0","uniform","1","1","undefined","1","undefined","6","j","0","0","0","0","0","0","0","0","31","0","31","7","0","0","31","31","0","0","31","31","31","31","0","7","2","7","2","2","0","0","0","0","0","0","0","0","0","7","7","7","7","7","31","0","0","0","0","0","0","0","0","11/20/19 15:39:35","no","Matching Tasks","yes","","no","OrientationCrossLanguages_2018PSA_PP_1.2.4.osexp","D:\TWN001","no","chinese-japanese-korean","no","18","no","#0000ff","no","简体中文","yes","768","no","legacy","31","31","3","5","TWN001_PP_34.csv","legacy","no","Kafkaesque Koffka","3.2.8","yes","5a7ce671e83246000deafe81","no","0","0","J","space","NA","J","NA","NA","NA","NA","NA","space","NA","NA","J","NA","NA","NA","NA","NA","space","NA","NA","679","989","NA","679","NA","NA","NA","NA","NA","2694","NA","NA","619","NA","NA","NA","NA","NA","8917","NA","NA","2","legacy","yes","1024","2","48000","-16","EXP","34","even","no","no","NA","9085","2975","2978","7596","9057","9057","84033","NA","40715","97919","36299","18026","37997","98423","97916","9086","40715","98423","99106","NA","NA","18026","37926","25431","36296","25431","25431","18026","NA","NA","NA","NA","NA","38000","NA","NA","36803","36803","37426","28409","24377","99606","NA","NA","NA","NA","NA","9089","NA","NA","Orientation_PSA2018","8","4945","8","yes","1024"
"Y","5009","V","V","PP_LIST1.csv","flashV.jpg","flashV.jpg","100","100","600.444444444","600.444444444","#ffffff","yes","legacy","legacy","legacy","0","uniform","1","1","undefined","1","undefined","6","j","0","0","0","0","0","0","0","0","32","0","32","7","0","0","32","32","0","0","32","32","32","32","0","7","2","7","2","2","0","0","0","0","0","0","0","0","0","7","7","7","7","7","32","0","0","0","0","0","0","0","0","11/20/19 15:39:35","no","Matching Tasks","yes","","no","OrientationCrossLanguages_2018PSA_PP_1.2.4.osexp","D:\TWN001","no","chinese-japanese-korean","no","18","no","#0000ff","no","简体中文","yes","768","no","legacy","32","32","3","5","TWN001_PP_34.csv","legacy","no","Kafkaesque Koffka","3.2.8","yes","5a7ce671e83246000deafe81","no","0","0","J","space","NA","J","NA","NA","NA","NA","NA","space","NA","NA","J","NA","NA","NA","NA","NA","space","NA","NA","459","989","NA","459","NA","NA","NA","NA","NA","2694","NA","NA","619","NA","NA","NA","NA","NA","8917","NA","NA","2","legacy","yes","1024","2","48000","-16","EXP","34","even","no","no","NA","9085","2975","2978","7596","9057","9057","84033","NA","40715","99811","36299","18026","37997","100315","99808","9086","40715","100315","100778","NA","NA","18026","37926","25431","36296","25431","25431","18026","NA","NA","NA","NA","NA","38000","NA","NA","36803","36803","37426","28409","24377","101278","NA","NA","NA","NA","NA","9089","NA","NA","Orientation_PSA2018","9","5404","9","yes","1024"
"N","5009","H","V","PP_LIST1.csv","ironH.jpg","ironV.jpg","100","100","612.2","612.2","#ffffff","yes","legacy","legacy","legacy","0","uniform","1","1","undefined","1","undefined","6","j","0","0","0","0","0","0","0","0","33","0","33","7","0","0","33","33","0","0","33","33","33","33","0","7","2","7","2","2","0","0","0","0","0","0","0","0","0","7","7","7","7","7","33","0","0","0","0","0","0","0","0","11/20/19 15:39:35","no","Matching Tasks","yes","","no","OrientationCrossLanguages_2018PSA_PP_1.2.4.osexp","D:\TWN001","no","chinese-japanese-korean","no","18","no","#0000ff","no","简体中文","yes","768","no","legacy","33","33","3","5","TWN001_PP_34.csv","legacy","no","Kafkaesque Koffka","3.2.8","yes","5a7ce671e83246000deafe81","no","0","0","J","space","NA","J","NA","NA","NA","NA","NA","space","NA","NA","J","NA","NA","NA","NA","NA","space","NA","NA","718","989","NA","718","NA","NA","NA","NA","NA","2694","NA","NA","619","NA","NA","NA","NA","NA","8917","NA","NA","2","legacy","yes","1024","2","48000","-16","EXP","34","even","no","no","NA","9085","2975","2978","7596","9057","9057","84033","NA","40715","101480","36299","18026","37997","101984","101477","9086","40715","101984","102705","NA","NA","18026","37926","25431","36296","25431","25431","18026","NA","NA","NA","NA","NA","38000","NA","NA","36803","36803","37426","28409","24377","103206","NA","NA","NA","NA","NA","9089","NA","NA","Orientation_PSA2018","10","6122","10","yes","1024"
"Y","5009","H","H","PP_LIST1.csv","axeH.jpg","axeH.jpg","100","100","604.181818182","604.181818182","#ffffff","yes","legacy","legacy","legacy","0","uniform","1","1","undefined","1","undefined","6","j","0","0","0","0","0","0","0","0","34","0","34","7","0","0","34","34","0","0","34","34","34","34","0","7","2","7","2","2","0","0","0","0","0","0","0","0","0","7","7","7","7","7","34","0","0","0","0","0","0","0","0","11/20/19 15:39:35","no","Matching Tasks","yes","","no","OrientationCrossLanguages_2018PSA_PP_1.2.4.osexp","D:\TWN001","no","chinese-japanese-korean","no","18","no","#0000ff","no","简体中文","yes","768","no","legacy","34","34","3","5","TWN001_PP_34.csv","legacy","no","Kafkaesque Koffka","3.2.8","yes","5a7ce671e83246000deafe81","no","0","0","J","space","NA","J","NA","NA","NA","NA","NA","space","NA","NA","J","NA","NA","NA","NA","NA","space","NA","NA","524","989","NA","524","NA","NA","NA","NA","NA","2694","NA","NA","619","NA","NA","NA","NA","NA","8917","NA","NA","2","legacy","yes","1024","2","48000","-16","EXP","34","even","no","no","NA","9085","2975","2978","7596","9057","9057","84033","NA","40715","103418","36299","18026","37997","103922","103414","9086","40715","103922","104449","NA","NA","18026","37926","25431","36296","25431","25431","18026","NA","NA","NA","NA","NA","38000","NA","NA","36803","36803","37426","28409","24377","104949","NA","NA","NA","NA","NA","9089","NA","NA","Orientation_PSA2018","11","6646","11","yes","1024"
"F","5009","F","F","PP_LIST1.csv","tapedispenser.jpg","wrench.jpg","100","100","602","602","#ffffff","yes","legacy","legacy","legacy","0","uniform","1","1","undefined","1","undefined","6","f","0","0","0","0","0","0","0","0","35","0","35","7","0","0","35","35","0","0","35","35","35","35","0","7","2","7","2","2","0","0","0","0","0","0","0","0","0","7","7","7","7","7","35","0","0","0","0","0","0","0","0","11/20/19 15:39:35","no","Matching Tasks","yes","","no","OrientationCrossLanguages_2018PSA_PP_1.2.4.osexp","D:\TWN001","no","chinese-japanese-korean","no","18","no","#0000ff","no","简体中文","yes","768","no","legacy","35","35","3","5","TWN001_PP_34.csv","legacy","no","Kafkaesque Koffka","3.2.8","yes","5a7ce671e83246000deafe81","no","0","0","F","space","NA","F","NA","NA","NA","NA","NA","space","NA","NA","J","NA","NA","NA","NA","NA","space","NA","NA","578","989","NA","578","NA","NA","NA","NA","NA","2694","NA","NA","619","NA","NA","NA","NA","NA","8917","NA","NA","2","legacy","yes","1024","2","48000","-16","EXP","34","even","no","no","NA","9085","2975","2978","7596","9057","9057","84033","NA","40715","105147","36299","18026","37997","105651","105144","9086","40715","105651","106233","NA","NA","18026","37926","25431","36296","25431","25431","18026","NA","NA","NA","NA","NA","38000","NA","NA","36803","36803","37426","28409","24377","106733","NA","NA","NA","NA","NA","9089","NA","NA","Orientation_PSA2018","12","7224","12","yes","1024"
"N","5009","V","H","PP_LIST1.csv","tireV.jpg","tireH.jpg","100","100","597.076923077","597.076923077","#ffffff","yes","legacy","legacy","legacy","0","uniform","1","1","undefined","1","undefined","6","j","0","0","0","0","0","0","0","0","36","0","36","7","0","0","36","36","0","0","36","36","36","36","0","7","2","7","2","2","0","0","0","0","0","0","0","0","0","7","7","7","7","7","36","0","0","0","0","0","0","0","0","11/20/19 15:39:35","no","Matching Tasks","yes","","no","OrientationCrossLanguages_2018PSA_PP_1.2.4.osexp","D:\TWN001","no","chinese-japanese-korean","no","18","no","#0000ff","no","简体中文","yes","768","no","legacy","36","36","3","5","TWN001_PP_34.csv","legacy","no","Kafkaesque Koffka","3.2.8","yes","5a7ce671e83246000deafe81","no","0","0","J","space","NA","J","NA","NA","NA","NA","NA","space","NA","NA","J","NA","NA","NA","NA","NA","space","NA","NA","538","989","NA","538","NA","NA","NA","NA","NA","2694","NA","NA","619","NA","NA","NA","NA","NA","8917","NA","NA","2","legacy","yes","1024","2","48000","-16","EXP","34","even","no","no","NA","9085","2975","2978","7596","9057","9057","84033","NA","40715","106948","36299","18026","37997","107452","106945","9086","40715","107452","107994","NA","NA","18026","37926","25431","36296","25431","25431","18026","NA","NA","NA","NA","NA","38000","NA","NA","36803","36803","37426","28409","24377","108494","NA","NA","NA","NA","NA","9089","NA","NA","Orientation_PSA2018","13","7762","13","yes","1024"
"N","5009","H","V","PP_LIST1.csv","nailH.jpg","nailV.jpg","100","100","603.214285714","603.214285714","#ffffff","yes","legacy","legacy","legacy","0","uniform","1","1","undefined","1","undefined","6","j","0","0","0","0","0","0","0","0","37","0","37","7","0","0","37","37","0","0","37","37","37","37","0","7","2","7","2","2","0","0","0","0","0","0","0","0","0","7","7","7","7","7","37","0","0","0","0","0","0","0","0","11/20/19 15:39:35","no","Matching Tasks","yes","","no","OrientationCrossLanguages_2018PSA_PP_1.2.4.osexp","D:\TWN001","no","chinese-japanese-korean","no","18","no","#0000ff","no","简体中文","yes","768","no","legacy","37","37","3","5","TWN001_PP_34.csv","legacy","no","Kafkaesque Koffka","3.2.8","yes","5a7ce671e83246000deafe81","no","0","0","J","space","NA","J","NA","NA","NA","NA","NA","space","NA","NA","J","NA","NA","NA","NA","NA","space","NA","NA","683","989","NA","683","NA","NA","NA","NA","NA","2694","NA","NA","619","NA","NA","NA","NA","NA","8917","NA","NA","2","legacy","yes","1024","2","48000","-16","EXP","34","even","no","no","NA","9085","2975","2978","7596","9057","9057","84033","NA","40715","108683","36299","18026","37997","109187","108680","9086","40715","109187","109874","NA","NA","18026","37926","25431","36296","25431","25431","18026","NA","NA","NA","NA","NA","38000","NA","NA","36803","36803","37426","28409","24377","110374","NA","NA","NA","NA","NA","9089","NA","NA","Orientation_PSA2018","14","8445","14","yes","1024"
"F","5009","F","F","PP_LIST1.csv","sutcse.jpg","pumpkin.jpg","100","100","604.2","604.2","#ffffff","yes","legacy","legacy","legacy","0","uniform","1","1","undefined","1","undefined","6","f","0","0","0","0","0","0","0","0","38","0","38","7","0","0","38","38","0","0","38","38","38","38","0","7","2","7","2","2","0","0","0","0","0","0","0","0","0","7","7","7","7","7","38","0","0","0","0","0","0","0","0","11/20/19 15:39:35","no","Matching Tasks","yes","","no","OrientationCrossLanguages_2018PSA_PP_1.2.4.osexp","D:\TWN001","no","chinese-japanese-korean","no","18","no","#0000ff","no","简体中文","yes","768","no","legacy","38","38","3","5","TWN001_PP_34.csv","legacy","no","Kafkaesque Koffka","3.2.8","yes","5a7ce671e83246000deafe81","no","0","0","F","space","NA","F","NA","NA","NA","NA","NA","space","NA","NA","J","NA","NA","NA","NA","NA","space","NA","NA","618","989","NA","618","NA","NA","NA","NA","NA","2694","NA","NA","619","NA","NA","NA","NA","NA","8917","NA","NA","2","legacy","yes","1024","2","48000","-16","EXP","34","even","no","no","NA","9085","2975","2978","7596","9057","9057","84033","NA","40715","110564","36299","18026","37997","111068","110561","9086","40715","111068","111690","NA","NA","18026","37926","25431","36296","25431","25431","18026","NA","NA","NA","NA","NA","38000","NA","NA","36803","36803","37426","28409","24377","112190","NA","NA","NA","NA","NA","9089","NA","NA","Orientation_PSA2018","15","9063","15","yes","1024"
"Y","5009","V","V","PP_LIST1.csv","brushV.jpg","brushV.jpg","100","100","605.4375","605.4375","#ffffff","yes","legacy","legacy","legacy","0","uniform","1","1","undefined","1","undefined","6","j","0","0","0","0","0","0","0","0","39","0","39","7","0","0","39","39","0","0","39","39","39","39","0","7","2","7","2","2","0","0","0","0","0","0","0","0","0","7","7","7","7","7","39","0","0","0","0","0","0","0","0","11/20/19 15:39:35","no","Matching Tasks","yes","","no","OrientationCrossLanguages_2018PSA_PP_1.2.4.osexp","D:\TWN001","no","chinese-japanese-korean","no","18","no","#0000ff","no","简体中文","yes","768","no","legacy","39","39","3","5","TWN001_PP_34.csv","legacy","no","Kafkaesque Koffka","3.2.8","yes","5a7ce671e83246000deafe81","no","0","0","J","space","NA","J","NA","NA","NA","NA","NA","space","NA","NA","J","NA","NA","NA","NA","NA","space","NA","NA","624","989","NA","624","NA","NA","NA","NA","NA","2694","NA","NA","619","NA","NA","NA","NA","NA","8917","NA","NA","2","legacy","yes","1024","2","48000","-16","EXP","34","even","no","no","NA","9085","2975","2978","7596","9057","9057","84033","NA","40715","112390","36299","18026","37997","112894","112387","9086","40715","112894","113522","NA","NA","18026","37926","25431","36296","25431","25431","18026","NA","NA","NA","NA","NA","38000","NA","NA","36803","36803","37426","28409","24377","114022","NA","NA","NA","NA","NA","9089","NA","NA","Orientation_PSA2018","16","9687","16","yes","1024"
"F","5009","F","F","PP_LIST1.csv","couch.jpg","spider.jpg","100","100","603.176470588","603.176470588","#ffffff","yes","legacy","legacy","legacy","0","uniform","1","1","undefined","1","undefined","6","f","0","0","0","0","0","0","0","0","40","0","40","7","0","0","40","40","0","0","40","40","40","40","0","7","2","7","2","2","0","0","0","0","0","0","0","0","0","7","7","7","7","7","40","0","0","0","0","0","0","0","0","11/20/19 15:39:35","no","Matching Tasks","yes","","no","OrientationCrossLanguages_2018PSA_PP_1.2.4.osexp","D:\TWN001","no","chinese-japanese-korean","no","18","no","#0000ff","no","简体中文","yes","768","no","legacy","40","40","3","5","TWN001_PP_34.csv","legacy","no","Kafkaesque Koffka","3.2.8","yes","5a7ce671e83246000deafe81","no","0","0","F","space","NA","F","NA","NA","NA","NA","NA","space","NA","NA","J","NA","NA","NA","NA","NA","space","NA","NA","567","989","NA","567","NA","NA","NA","NA","NA","2694","NA","NA","619","NA","NA","NA","NA","NA","8917","NA","NA","2","legacy","yes","1024","2","48000","-16","EXP","34","even","no","no","NA","9085","2975","2978","7596","9057","9057","84033","NA","40715","114199","36299","18026","37997","114703","114196","9086","40715","114703","115274","NA","NA","18026","37926","25431","36296","25431","25431","18026","NA","NA","NA","NA","NA","38000","NA","NA","36803","36803","37426","28409","24377","115774","NA","NA","NA","NA","NA","9089","NA","NA","Orientation_PSA2018","17","10254","17","yes","1024"
"F","5009","F","F","PP_LIST1.csv","needle.jpg","tiger.jpg","100","100","604.5","604.5","#ffffff","yes","legacy","legacy","legacy","0","uniform","1","1","undefined","1","undefined","6","f","0","0","0","0","0","0","0","0","41","0","41","7","0","0","41","41","0","0","41","41","41","41","0","7","2","7","2","2","0","0","0","0","0","0","0","0","0","7","7","7","7","7","41","0","0","0","0","0","0","0","0","11/20/19 15:39:35","no","Matching Tasks","yes","","no","OrientationCrossLanguages_2018PSA_PP_1.2.4.osexp","D:\TWN001","no","chinese-japanese-korean","no","18","no","#0000ff","no","简体中文","yes","768","no","legacy","41","41","3","5","TWN001_PP_34.csv","legacy","no","Kafkaesque Koffka","3.2.8","yes","5a7ce671e83246000deafe81","no","0","0","F","space","NA","F","NA","NA","NA","NA","NA","space","NA","NA","J","NA","NA","NA","NA","NA","space","NA","NA","627","989","NA","627","NA","NA","NA","NA","NA","2694","NA","NA","619","NA","NA","NA","NA","NA","8917","NA","NA","2","legacy","yes","1024","2","48000","-16","EXP","34","even","no","no","NA","9085","2975","2978","7596","9057","9057","84033","NA","40715","115971","36299","18026","37997","116475","115968","9086","40715","116475","117106","NA","NA","18026","37926","25431","36296","25431","25431","18026","NA","NA","NA","NA","NA","38000","NA","NA","36803","36803","37426","28409","24377","117606","NA","NA","NA","NA","NA","9089","NA","NA","Orientation_PSA2018","18","10881","18","yes","1024"
"F","5009","F","F","PP_LIST1.csv","buggy.jpg","glass.jpg","100","100","610.157894737","610.157894737","#ffffff","yes","legacy","legacy","legacy","0","uniform","1","1","undefined","1","undefined","6","f","0","0","0","0","0","0","0","0","42","0","42","7","0","0","42","42","0","0","42","42","42","42","0","7","2","7","2","2","0","0","0","0","0","0","0","0","0","7","7","7","7","7","42","0","0","0","0","0","0","0","0","11/20/19 15:39:35","no","Matching Tasks","yes","","no","OrientationCrossLanguages_2018PSA_PP_1.2.4.osexp","D:\TWN001","no","chinese-japanese-korean","no","18","no","#0000ff","no","简体中文","yes","768","no","legacy","42","42","3","5","TWN001_PP_34.csv","legacy","no","Kafkaesque Koffka","3.2.8","yes","5a7ce671e83246000deafe81","no","0","0","F","space","NA","F","NA","NA","NA","NA","NA","space","NA","NA","J","NA","NA","NA","NA","NA","space","NA","NA","712","989","NA","712","NA","NA","NA","NA","NA","2694","NA","NA","619","NA","NA","NA","NA","NA","8917","NA","NA","2","legacy","yes","1024","2","48000","-16","EXP","34","even","no","no","NA","9085","2975","2978","7596","9057","9057","84033","NA","40715","117790","36299","18026","37997","118294","117787","9086","40715","118294","119010","NA","NA","18026","37926","25431","36296","25431","25431","18026","NA","NA","NA","NA","NA","38000","NA","NA","36803","36803","37426","28409","24377","119510","NA","NA","NA","NA","NA","9089","NA","NA","Orientation_PSA2018","19","11593","19","yes","1024"
"F","5009","F","F","PP_LIST1.csv","tiger.jpg","wndmil.jpg","100","100","609.6","609.6","#ffffff","yes","legacy","legacy","legacy","0","uniform","1","1","undefined","1","undefined","6","f","0","0","0","0","0","0","0","0","43","0","43","7","0","0","43","43","0","0","43","43","43","43","0","7","2","7","2","2","0","0","0","0","0","0","0","0","0","7","7","7","7","7","43","0","0","0","0","0","0","0","0","11/20/19 15:39:35","no","Matching Tasks","yes","","no","OrientationCrossLanguages_2018PSA_PP_1.2.4.osexp","D:\TWN001","no","chinese-japanese-korean","no","18","no","#0000ff","no","简体中文","yes","768","no","legacy","43","43","3","5","TWN001_PP_34.csv","legacy","no","Kafkaesque Koffka","3.2.8","yes","5a7ce671e83246000deafe81","no","0","0","F","space","NA","F","NA","NA","NA","NA","NA","space","NA","NA","J","NA","NA","NA","NA","NA","space","NA","NA","599","989","NA","599","NA","NA","NA","NA","NA","2694","NA","NA","619","NA","NA","NA","NA","NA","8917","NA","NA","2","legacy","yes","1024","2","48000","-16","EXP","34","even","no","no","NA","9085","2975","2978","7596","9057","9057","84033","NA","40715","119687","36299","18026","37997","120191","119684","9086","40715","120191","120794","NA","NA","18026","37926","25431","36296","25431","25431","18026","NA","NA","NA","NA","NA","38000","NA","NA","36803","36803","37426","28409","24377","121294","NA","NA","NA","NA","NA","9089","NA","NA","Orientation_PSA2018","20","12192","20","yes","1024"
"Y","5009","V","V","PP_LIST1.csv","caterpillarV.jpg","caterpillarV.jpg","100","100","602.428571429","602.428571429","#ffffff","yes","legacy","legacy","legacy","0","uniform","1","1","undefined","1","undefined","6","j","0","0","0","0","0","0","0","0","44","0","44","7","0","0","44","44","0","0","44","44","44","44","0","7","2","7","2","2","0","0","0","0","0","0","0","0","0","7","7","7","7","7","44","0","0","0","0","0","0","0","0","11/20/19 15:39:35","no","Matching Tasks","yes","","no","OrientationCrossLanguages_2018PSA_PP_1.2.4.osexp","D:\TWN001","no","chinese-japanese-korean","no","18","no","#0000ff","no","简体中文","yes","768","no","legacy","44","44","3","5","TWN001_PP_34.csv","legacy","no","Kafkaesque Koffka","3.2.8","yes","5a7ce671e83246000deafe81","no","0","0","J","space","NA","J","NA","NA","NA","NA","NA","space","NA","NA","J","NA","NA","NA","NA","NA","space","NA","NA","459","989","NA","459","NA","NA","NA","NA","NA","2694","NA","NA","619","NA","NA","NA","NA","NA","8917","NA","NA","2","legacy","yes","1024","2","48000","-16","EXP","34","even","no","no","NA","9085","2975","2978","7596","9057","9057","84033","NA","40715","121491","36299","18026","37997","121995","121488","9086","40715","121995","122458","NA","NA","18026","37926","25431","36296","25431","25431","18026","NA","NA","NA","NA","NA","38000","NA","NA","36803","36803","37426","28409","24377","122958","NA","NA","NA","NA","NA","9089","NA","NA","Orientation_PSA2018","21","12651","21","yes","1024"
"F","5009","F","F","PP_LIST1.csv","ring.jpg","stove.jpg","100","100","598.272727273","598.272727273","#ffffff","yes","legacy","legacy","legacy","0","uniform","1","1","undefined","1","undefined","6","f","0","0","0","0","0","0","0","0","45","0","45","7","0","0","45","45","0","0","45","45","45","45","0","7","2","7","2","2","0","0","0","0","0","0","0","0","0","7","7","7","7","7","45","0","0","0","0","0","0","0","0","11/20/19 15:39:35","no","Matching Tasks","yes","","no","OrientationCrossLanguages_2018PSA_PP_1.2.4.osexp","D:\TWN001","no","chinese-japanese-korean","no","18","no","#0000ff","no","简体中文","yes","768","no","legacy","45","45","3","5","TWN001_PP_34.csv","legacy","no","Kafkaesque Koffka","3.2.8","yes","5a7ce671e83246000deafe81","no","0","0","F","space","NA","F","NA","NA","NA","NA","NA","space","NA","NA","J","NA","NA","NA","NA","NA","space","NA","NA","511","989","NA","511","NA","NA","NA","NA","NA","2694","NA","NA","619","NA","NA","NA","NA","NA","8917","NA","NA","2","legacy","yes","1024","2","48000","-16","EXP","34","even","no","no","NA","9085","2975","2978","7596","9057","9057","84033","NA","40715","123158","36299","18026","37997","123662","123155","9086","40715","123662","124177","NA","NA","18026","37926","25431","36296","25431","25431","18026","NA","NA","NA","NA","NA","38000","NA","NA","36803","36803","37426","28409","24377","124677","NA","NA","NA","NA","NA","9089","NA","NA","Orientation_PSA2018","22","13162","22","yes","1024"
"F","5009","F","F","PP_LIST1.csv","house.jpg","ring.jpg","100","100","596.391304348","596.391304348","#ffffff","yes","legacy","legacy","legacy","0","uniform","1","1","undefined","1","undefined","6","f","0","0","0","0","0","0","0","0","46","0","46","7","0","0","46","46","0","0","46","46","46","46","0","7","2","7","2","2","0","0","0","0","0","0","0","0","0","7","7","7","7","7","46","0","0","0","0","0","0","0","0","11/20/19 15:39:35","no","Matching Tasks","yes","","no","OrientationCrossLanguages_2018PSA_PP_1.2.4.osexp","D:\TWN001","no","chinese-japanese-korean","no","18","no","#0000ff","no","简体中文","yes","768","no","legacy","46","46","3","5","TWN001_PP_34.csv","legacy","no","Kafkaesque Koffka","3.2.8","yes","5a7ce671e83246000deafe81","no","0","0","F","space","NA","F","NA","NA","NA","NA","NA","space","NA","NA","J","NA","NA","NA","NA","NA","space","NA","NA","555","989","NA","555","NA","NA","NA","NA","NA","2694","NA","NA","619","NA","NA","NA","NA","NA","8917","NA","NA","2","legacy","yes","1024","2","48000","-16","EXP","34","even","no","no","NA","9085","2975","2978","7596","9057","9057","84033","NA","40715","124874","36299","18026","37997","125379","124871","9086","40715","125379","125938","NA","NA","18026","37926","25431","36296","25431","25431","18026","NA","NA","NA","NA","NA","38000","NA","NA","36803","36803","37426","28409","24377","126438","NA","NA","NA","NA","NA","9089","NA","NA","Orientation_PSA2018","23","13717","23","yes","1024"
"Y","5009","H","H","PP_LIST1.csv","broomH.jpg","broomH.jpg","100","100","597.5","597.5","#ffffff","yes","legacy","legacy","legacy","0","uniform","1","1","undefined","1","undefined","6","j","0","0","0","0","0","0","0","0","47","0","47","7","0","0","47","47","0","0","47","47","47","47","0","7","2","7","2","2","0","0","0","0","0","0","0","0","0","7","7","7","7","7","47","0","0","0","0","0","0","0","0","11/20/19 15:39:35","no","Matching Tasks","yes","","no","OrientationCrossLanguages_2018PSA_PP_1.2.4.osexp","D:\TWN001","no","chinese-japanese-korean","no","18","no","#0000ff","no","简体中文","yes","768","no","legacy","47","47","3","5","TWN001_PP_34.csv","legacy","no","Kafkaesque Koffka","3.2.8","yes","5a7ce671e83246000deafe81","no","0","0","J","space","NA","J","NA","NA","NA","NA","NA","space","NA","NA","J","NA","NA","NA","NA","NA","space","NA","NA","623","989","NA","623","NA","NA","NA","NA","NA","2694","NA","NA","619","NA","NA","NA","NA","NA","8917","NA","NA","2","legacy","yes","1024","2","48000","-16","EXP","34","even","no","no","NA","9085","2975","2978","7596","9057","9057","84033","NA","40715","126631","36299","18026","37997","127135","126628","9086","40715","127135","127762","NA","NA","18026","37926","25431","36296","25431","25431","18026","NA","NA","NA","NA","NA","38000","NA","NA","36803","36803","37426","28409","24377","128262","NA","NA","NA","NA","NA","9089","NA","NA","Orientation_PSA2018","24","14340","24","yes","1024"
